M S
10
1 0
1 0
1 0
1 0
1 0
1 0
1 0
1 0
1 0
1 0
22
12
2
3
0 0 
4
12
2
3
1 0 
4
12
2
1
0 0 0
4
12
2
3
1 0 
4
12
2
8
0 1
4
12
5
8
1 1
4
8
0 0
8
1 0
10
1 0 0
12
3
5
0 0 -1
9
1
4
12
3
5
1 0 -1
9
1
4
12
3
5
0 0 0
9
1
4
12
3
5
1 1 -1
9
1
4
12
2
8
0 1
4
12
11
8
1 1
4
2
0 0 0
2
1 0 0
2
1 1 0
8
0 0
8
1 0
10
0 0 1
6
0
6
1
6
1
12
2
3
1 0 
4
12
2
8
0 1
4
12
5
8
1 1
4
8
0 0
8
1 0
10
1 0 1
12
3
5
1 0 -1
9
1
4
12
2
11
0 0 0 -1
4
12
3
5
1 1 -1
9
1
4
12
3
5
0 0 0
9
1
4
12
3
5
1 2 -1
9
1
4
12
2
8
0 1
4
12
12
8
1 1
4
2
0 0 0
2
1 0 0
2
1 1 0
2
1 2 0
8
0 0
8
1 0
10
0 0 0
6
0
6
1
6
1
